    0/1999     1.61G      2.39      10.6      5.31      18.3       264       416         0         0         0         0      1.15      8.53      2.57
    1/1999     1.61G      2.34      10.3      5.28      17.9       284       416         0         0         0         0      1.15      8.53      2.57
    2/1999     1.61G      2.03      9.36      4.43      15.8       252       416         0         0         0         0      1.16      8.52      2.58
    3/1999     1.61G      2.35      9.68      5.25      17.3       237       416         0         0         0         0      1.16      8.52      2.59
    4/1999     1.61G      2.38      9.21      5.19      16.8       239       416         0         0         0         0      1.16      8.52      2.59
    5/1999     1.61G      2.47      9.02      5.23      16.7       241       416         0         0         0         0      1.16      8.52      2.59
    6/1999     1.61G      2.36      9.07       5.1      16.5       281       416         0         0         0         0      1.17      8.53       2.6
    7/1999     1.61G      1.93      8.76      4.28        15       243       416         0         0         0         0      1.17      8.57       2.6
    8/1999     1.61G      2.43       8.3      4.68      15.4       238       416         0         0         0         0      1.17      8.61       2.6
    9/1999     1.61G      2.29      7.95      4.14      14.4       284       416         0         0         0         0      1.17      8.61       2.6
   10/1999     1.61G      2.28      9.13      4.98      16.4       256       416         0         0         0         0      1.19      8.59      2.61
   11/1999     1.61G      2.33      7.61      4.99      14.9       251       416         0         0         0         0      1.22      8.45      2.61
   12/1999     1.61G      2.32      7.67      4.39      14.4       245       416         0         0         0         0      1.24      8.23       2.6
   13/1999     1.61G      1.94      7.11      3.88      12.9       255       416         0         0         0         0      1.25      8.01       2.6
   14/1999     1.61G      1.91      6.94      3.74      12.6       270       416         0         0         0         0      1.23       7.7       2.6
   15/1999     1.61G       1.9      7.35      3.91      13.2       258       416         0         0         0         0      1.22      7.65       2.6
   16/1999     1.61G      2.14      7.32      4.36      13.8       247       416         0         0         0         0       1.2      7.47      2.59
