1 0.040870 0.050313 0.069565 0.014375
1 0.051739 0.144375 0.051304 0.016250
1 0.540870 0.316563 0.066087 0.014375
1 0.622609 0.338125 0.057391 0.015000
1 0.624783 0.353750 0.056522 0.013750
1 0.293913 0.389375 0.064348 0.015000
1 0.541739 0.640000 0.067826 0.020000
1 0.542174 0.699063 0.061739 0.018125
1 0.128696 0.857812 0.064348 0.016875
1 0.636522 0.929688 0.052174 0.010625
1 0.800435 0.098750 0.070435 0.017500
1 0.890870 0.262813 0.070435 0.015625
1 0.802609 0.350313 0.073043 0.018125
1 0.804348 0.400938 0.067826 0.018125
1 0.532609 0.486250 0.051304 0.015000
1 0.711739 0.507188 0.061739 0.016875
1 0.804783 0.518437 0.070435 0.018125
3 0.022609 0.084062 0.022609 0.051875
3 0.054783 0.257188 0.015652 0.038125
3 0.140870 0.245938 0.017391 0.041875
3 0.231739 0.223750 0.021739 0.052500
3 0.292609 0.168750 0.020000 0.047500
3 0.386522 0.069375 0.014783 0.033750
3 0.552174 0.162500 0.013913 0.040000
3 0.480435 0.288438 0.020000 0.051875
3 0.626522 0.230313 0.023478 0.049375
3 0.034348 0.420000 0.018261 0.051250
3 0.064783 0.416563 0.018261 0.053125
3 0.294348 0.447813 0.021739 0.049375
3 0.227826 0.503750 0.015652 0.038750
3 0.308696 0.555000 0.017391 0.040000
3 0.476957 0.510938 0.016522 0.038125
3 0.486522 0.569063 0.020000 0.051875
3 0.298696 0.617500 0.023478 0.055000
3 0.212609 0.643750 0.025217 0.056250
3 0.056522 0.652188 0.013913 0.035625
3 0.572609 0.503125 0.018261 0.047500
3 0.546957 0.603437 0.019130 0.048125
3 0.140870 0.768750 0.017391 0.037500
3 0.224348 0.792813 0.015652 0.038125
3 0.312609 0.804688 0.016522 0.038125
3 0.444783 0.835313 0.021739 0.059375
3 0.486522 0.834375 0.021739 0.061250
3 0.240870 0.962500 0.022609 0.050000
3 0.574783 0.972187 0.020870 0.053125
3 0.396957 0.767813 0.016522 0.038125
3 0.478696 0.741563 0.016522 0.044375
3 0.646522 0.905625 0.013043 0.028750
3 0.542174 0.283438 0.021739 0.051875
3 0.918696 0.364063 0.023478 0.053125
3 0.916522 0.452813 0.020870 0.050625
3 0.658696 0.452813 0.018261 0.046875
3 0.922174 0.609688 0.020000 0.053125
3 0.824348 0.711875 0.017391 0.042500
3 0.912609 0.762813 0.014783 0.036875
3 0.930870 0.946250 0.018261 0.047500
2 0.364783 0.070938 0.018261 0.035625
2 0.530435 0.162500 0.017391 0.038750
2 0.560870 0.032500 0.019130 0.043750
2 0.360435 0.230313 0.023478 0.055625
2 0.112609 0.247188 0.016522 0.041875
2 0.032609 0.260313 0.020000 0.039375
2 0.366522 0.369688 0.021739 0.043125
2 0.191304 0.410313 0.022609 0.049375
2 0.202609 0.503750 0.017391 0.038750
2 0.282609 0.556875 0.019130 0.041250
2 0.456522 0.510938 0.019130 0.035625
2 0.357826 0.589688 0.021739 0.048125
2 0.038696 0.652813 0.016522 0.035625
2 0.696522 0.616563 0.022609 0.049375
2 0.698261 0.685000 0.024348 0.053750
2 0.454783 0.742188 0.019130 0.045625
2 0.374348 0.767813 0.018261 0.038125
2 0.287826 0.806250 0.015652 0.036250
2 0.204783 0.792500 0.016522 0.041250
2 0.117391 0.768437 0.017391 0.039375
2 0.200870 0.964063 0.024348 0.049375
4 0.457391 0.038750 0.064348 0.047500
4 0.456522 0.089375 0.067826 0.052500
4 0.292609 0.262813 0.066957 0.048125
4 0.212609 0.558438 0.066957 0.048125
4 0.628696 0.622188 0.067826 0.055625
4 0.627391 0.678750 0.063478 0.052500
4 0.038696 0.698125 0.054783 0.042500
4 0.549565 0.818750 0.069565 0.052500
4 0.468261 0.904375 0.060000 0.046250
4 0.712609 0.034688 0.063478 0.049375
4 0.803478 0.437812 0.069565 0.054375
4 0.623913 0.453437 0.058261 0.048125
4 0.706522 0.472813 0.056522 0.045625
4 0.812609 0.857812 0.065217 0.051875
4 0.712609 0.949063 0.063478 0.049375
2 0.797826 0.712187 0.021739 0.040625
2 0.892609 0.765000 0.016522 0.036250
2 0.716522 0.805937 0.020870 0.053125
2 0.872609 0.450937 0.023478 0.048125
2 0.721304 0.884687 0.023478 0.049375
2 0.868261 0.230313 0.023478 0.050625
0 0.207826 0.061562 0.074783 0.010625
0 0.206957 0.073438 0.073043 0.013125
0 0.124348 0.134063 0.067826 0.009375
0 0.126957 0.147813 0.071304 0.013125
0 0.124348 0.179063 0.073043 0.011875
0 0.043478 0.188125 0.073043 0.011250
0 0.042174 0.236250 0.056522 0.011250
0 0.126522 0.220312 0.058261 0.010625
0 0.373043 0.047500 0.046957 0.010000
0 0.539565 0.139063 0.051304 0.008125
0 0.540870 0.196875 0.062609 0.010000
0 0.457826 0.324062 0.065217 0.010625
0 0.461304 0.335938 0.065217 0.009375
0 0.376957 0.340938 0.054783 0.009375
0 0.460870 0.442812 0.066087 0.013125
0 0.128696 0.459375 0.076522 0.011250
0 0.212609 0.479687 0.058261 0.009375
0 0.462609 0.489063 0.050435 0.011875
0 0.380000 0.560312 0.071304 0.011875
0 0.295217 0.530937 0.054783 0.010625
0 0.461304 0.607187 0.066957 0.010625
0 0.463478 0.635312 0.073043 0.010625
0 0.049565 0.556250 0.062609 0.007500
0 0.050435 0.565000 0.062609 0.008750
0 0.046957 0.588750 0.066087 0.007500
0 0.046087 0.630938 0.048696 0.008125
0 0.129565 0.649375 0.069565 0.011250
0 0.131739 0.662500 0.070435 0.011250
0 0.130000 0.700000 0.068696 0.011250
0 0.213913 0.722187 0.069565 0.010625
0 0.300870 0.739062 0.069565 0.010625
0 0.383043 0.745625 0.049565 0.008750
0 0.465652 0.714688 0.049565 0.010625
0 0.129565 0.744687 0.050435 0.010625
0 0.213043 0.769375 0.050435 0.008750
0 0.299565 0.783125 0.047826 0.007500
0 0.301739 0.917500 0.071304 0.010000
0 0.469130 0.969375 0.072174 0.008750
0 0.384783 0.990625 0.068696 0.010000
0 0.046522 0.944688 0.075652 0.010625
0 0.888261 0.006562 0.073913 0.009375
0 0.889565 0.054062 0.069565 0.008125
0 0.801739 0.066250 0.074783 0.012500
0 0.801304 0.205313 0.075652 0.010625
0 0.894783 0.314063 0.074783 0.010625
0 0.629130 0.295938 0.072174 0.009375
0 0.704783 0.524062 0.056522 0.009375
0 0.899565 0.524375 0.082609 0.010000
0 0.898696 0.580313 0.077391 0.010625
0 0.900000 0.675625 0.066087 0.011250
0 0.810000 0.685625 0.056522 0.011250
0 0.900000 0.740625 0.050435 0.010000
0 0.715217 0.720625 0.065217 0.010000
0 0.707826 0.737500 0.053913 0.011250
0 0.882174 0.797500 0.049565 0.010000
0 0.883043 0.817500 0.054783 0.008750
0 0.883478 0.833750 0.057391 0.008750
0 0.882609 0.853437 0.053913 0.009375
0 0.902174 0.898438 0.072174 0.008125
0 0.721739 0.919063 0.069565 0.010625
0 0.636087 0.888437 0.046087 0.008125
