4 0.125767 0.411783 0.063979 0.050672
4 0.127082 0.542125 0.063103 0.052503
4 0.120947 0.980464 0.064855 0.039072
4 0.280018 0.138889 0.058720 0.049451
4 0.282647 0.421856 0.063979 0.051282
4 0.285276 0.681319 0.067485 0.054945
4 0.282647 0.927656 0.060473 0.042125
4 0.360649 0.547009 0.063979 0.056166
4 0.439527 0.163004 0.065732 0.051282
4 0.441280 0.880342 0.063979 0.048840
4 0.521911 0.829060 0.060473 0.046398
4 0.602980 0.190171 0.059597 0.051893
4 0.596845 0.556777 0.064855 0.053724
4 0.596407 0.821734 0.056968 0.047619
4 0.852761 0.031441 0.070114 0.050672
4 0.857581 0.442613 0.072743 0.050061
4 0.844435 0.493590 0.065732 0.045788
4 0.859334 0.902320 0.074496 0.053724
4 0.950044 0.736264 0.061350 0.046398
2 0.070990 0.310745 0.021034 0.047619
2 0.050833 0.739621 0.029798 0.053114
2 0.150745 0.097375 0.024540 0.048230
2 0.190184 0.536630 0.017528 0.040293
2 0.204207 0.841575 0.024540 0.048230
2 0.269939 0.233211 0.021034 0.043956
2 0.270815 0.510684 0.019281 0.044567
2 0.273006 0.782662 0.021911 0.042735
2 0.350131 0.105617 0.021911 0.042735
2 0.350570 0.253358 0.021034 0.046398
2 0.362840 0.331197 0.021034 0.047009
2 0.363278 0.662698 0.021911 0.055556
2 0.505697 0.050672 0.024540 0.052503
2 0.513146 0.278388 0.021911 0.042735
2 0.630149 0.056166 0.019281 0.047619
2 0.671779 0.449939 0.018405 0.040293
2 0.673094 0.645604 0.017528 0.045788
2 0.707713 0.791209 0.018405 0.046398
2 0.754163 0.137973 0.021911 0.036630
2 0.792726 0.226801 0.020158 0.048230
2 0.757230 0.432234 0.024540 0.040293
2 0.748028 0.858364 0.023663 0.054945
2 0.787467 0.857448 0.025416 0.051893
2 0.886503 0.956960 0.027169 0.051893
2 0.937336 0.269231 0.020158 0.041514
2 0.946538 0.688034 0.019281 0.037851
