0 0.137255 0.054327 0.076564 0.012634
0 0.138189 0.172142 0.085901 0.014529
0 0.140056 0.308275 0.059757 0.012634
0 0.141923 0.563171 0.082166 0.017056
0 0.141457 0.602653 0.084967 0.016425
0 0.139589 0.815856 0.088702 0.013266
0 0.140990 0.828806 0.085901 0.012634
0 0.140990 0.980101 0.084034 0.014529
0 0.231559 0.632975 0.057890 0.013898
0 0.232493 0.864182 0.065359 0.013898
0 0.319328 0.047063 0.057890 0.013266
0 0.316527 0.111497 0.080299 0.013266
0 0.317927 0.125711 0.083100 0.013898
0 0.318861 0.237208 0.084967 0.014529
0 0.318394 0.397979 0.056022 0.012634
0 0.405696 0.088124 0.083100 0.014529
0 0.404295 0.294694 0.057890 0.010739
0 0.493931 0.150663 0.082166 0.013266
0 0.492997 0.182249 0.080299 0.015793
0 0.494398 0.744157 0.077498 0.015161
0 0.495331 0.921668 0.079365 0.016425
0 0.493931 0.989261 0.059757 0.011371
0 0.576097 0.037587 0.054155 0.013266
0 0.579832 0.390714 0.057890 0.013266
0 0.667134 0.258054 0.083100 0.017056
0 0.671335 0.555907 0.085901 0.016425
0 0.670868 0.608970 0.084967 0.015161
0 0.671802 0.806380 0.084967 0.013266
0 0.675537 0.948200 0.083100 0.012634
0 0.762838 0.487366 0.065359 0.009476
0 0.766573 0.839545 0.082166 0.015161
0 0.849673 0.314593 0.080299 0.012634
0 0.853875 0.516740 0.077498 0.016425
0 0.853408 0.552116 0.076564 0.013898
0 0.859477 0.986102 0.075630 0.015161
0 0.937442 0.245420 0.085901 0.015793
0 0.940243 0.383133 0.084034 0.017056
0 0.951914 0.977574 0.090570 0.013266
1 0.046685 0.157928 0.070962 0.016425
1 0.050420 0.513898 0.072829 0.019583
1 0.052288 0.827858 0.070962 0.019583
1 0.137722 0.018636 0.073763 0.019583
1 0.226424 0.017688 0.073763 0.021478
1 0.228758 0.136766 0.069094 0.018320
1 0.228291 0.217309 0.073763 0.016425
1 0.581699 0.705306 0.059757 0.018320
1 0.663399 0.058433 0.079365 0.018320
1 0.669001 0.443778 0.079365 0.018320
1 0.669468 0.483260 0.076564 0.021478
1 0.675070 0.791219 0.072829 0.018320
1 0.756303 0.009476 0.080299 0.016425
1 0.766106 0.598547 0.081232 0.019583
1 0.763305 0.703095 0.077498 0.018951
1 0.843137 0.098231 0.070962 0.018320
1 0.853408 0.498421 0.076564 0.016425
1 0.940243 0.458307 0.078431 0.019583
1 0.944911 0.580227 0.082166 0.020846
