4 0.035088 0.034183 0.059095 0.047234
4 0.027701 0.333748 0.053555 0.047234
4 0.029086 0.417651 0.056325 0.047234
4 0.036473 0.584214 0.069252 0.043505
4 0.030471 0.710690 0.059095 0.041641
4 0.027701 0.880050 0.053555 0.039776
4 0.030471 0.958981 0.053555 0.042262
4 0.113112 0.103170 0.063712 0.044748
4 0.121884 0.699814 0.060942 0.042262
4 0.208680 0.637974 0.075716 0.055314
4 0.284857 0.359851 0.069252 0.047234
4 0.283934 0.724674 0.058172 0.043505
4 0.373038 0.490367 0.066482 0.048477
4 0.443675 0.223431 0.061865 0.046613
4 0.442752 0.442822 0.056325 0.046613
4 0.457064 0.630516 0.066482 0.045370
4 0.446907 0.703232 0.059095 0.047856
4 0.451524 0.876321 0.053555 0.043505
4 0.534626 0.161902 0.060942 0.050342
4 0.524469 0.272219 0.059095 0.047234
4 0.542475 0.629273 0.061865 0.045370
4 0.544321 0.674643 0.058172 0.045370
4 0.614497 0.025171 0.063712 0.049099
4 0.698061 0.024239 0.059095 0.047234
4 0.869806 0.023928 0.066482 0.046613
4 0.869806 0.342449 0.079409 0.049720
4 0.958449 0.487881 0.079409 0.055935
2 0.063250 0.283717 0.023084 0.054071
2 0.059557 0.514295 0.017544 0.056557
2 0.059557 0.833748 0.021237 0.047856
2 0.138966 0.037912 0.024931 0.055935
2 0.136657 0.633313 0.025854 0.049720
2 0.208218 0.928838 0.030471 0.059043
2 0.282087 0.223431 0.023084 0.052828
2 0.290859 0.408639 0.020314 0.051585
2 0.386427 0.151336 0.023084 0.059043
2 0.396122 0.694531 0.025854 0.055314
2 0.456602 0.499068 0.023084 0.057178
2 0.478763 0.562772 0.021237 0.061529
2 0.462604 0.756681 0.027701 0.052828
2 0.458449 0.926663 0.023084 0.050963
2 0.608495 0.158173 0.020314 0.040398
2 0.771930 0.510255 0.022161 0.045991
2 0.888735 0.106588 0.030471 0.062772
2 0.945522 0.158484 0.020314 0.047234
2 0.957064 0.428216 0.026777 0.065879
1 0.117729 0.206339 0.069252 0.016159
1 0.117729 0.268490 0.065559 0.017402
1 0.197138 0.069298 0.071099 0.019267
1 0.283934 0.069919 0.063712 0.016781
1 0.286704 0.174643 0.069252 0.017402
1 0.206371 0.671846 0.069252 0.013673
1 0.205448 0.769733 0.071099 0.016781
1 0.365651 0.036669 0.070175 0.014916
1 0.624654 0.064636 0.071099 0.017402
1 0.535549 0.198571 0.073869 0.019267
1 0.618652 0.285892 0.068329 0.016159
1 0.625577 0.858919 0.061865 0.017402
1 0.702216 0.364201 0.074792 0.021131
0 0.115882 0.130516 0.071099 0.011187
0 0.115882 0.334991 0.071099 0.013673
0 0.038781 0.367309 0.068329 0.012430
0 0.119575 0.487881 0.071099 0.013673
0 0.121422 0.728403 0.071099 0.009944
0 0.042475 0.910193 0.070175 0.009323
0 0.123730 0.988813 0.070175 0.009944
0 0.288550 0.259167 0.074792 0.012430
0 0.200831 0.284960 0.074792 0.011809
0 0.200831 0.343381 0.076639 0.016781
0 0.202216 0.399006 0.077562 0.012430
0 0.203139 0.455252 0.081256 0.018024
0 0.205448 0.688626 0.076639 0.012430
0 0.206833 0.715351 0.079409 0.009944
0 0.209603 0.861094 0.079409 0.013052
0 0.449215 0.170292 0.072946 0.012430
0 0.367959 0.242076 0.072946 0.011809
0 0.369806 0.380671 0.071099 0.010566
0 0.369806 0.391858 0.072946 0.013052
0 0.457525 0.827222 0.069252 0.012430
0 0.615882 0.078310 0.070175 0.011187
0 0.619575 0.091983 0.075716 0.013673
0 0.619114 0.132691 0.052632 0.009323
0 0.537858 0.215351 0.078486 0.013052
0 0.620037 0.375699 0.071099 0.014295
0 0.537858 0.512119 0.072946 0.012430
0 0.538781 0.601305 0.072946 0.013052
0 0.542936 0.873835 0.077562 0.014916
0 0.627886 0.945618 0.072022 0.011809
0 0.630194 0.962399 0.071099 0.019267
0 0.786242 0.029211 0.072946 0.017402
0 0.782548 0.225295 0.072946 0.016781
0 0.786704 0.483219 0.053555 0.009323
0 0.871653 0.147918 0.075716 0.017402
0 0.954755 0.130516 0.048015 0.011187
0 0.952447 0.289621 0.063712 0.014916
0 0.869344 0.545370 0.074792 0.018024
0 0.955679 0.659727 0.064635 0.014295
