0 0.216522 0.066875 0.069565 0.008750
0 0.217391 0.078437 0.069565 0.010625
0 0.216522 0.141875 0.071304 0.012500
0 0.217826 0.199063 0.073913 0.010625
0 0.136522 0.174063 0.067826 0.009375
0 0.056522 0.191250 0.069565 0.010000
0 0.056957 0.323750 0.068696 0.008750
0 0.136957 0.271875 0.047826 0.007500
0 0.055217 0.358125 0.047826 0.007500
0 0.136087 0.496563 0.068696 0.009375
0 0.052609 0.516875 0.068696 0.008750
0 0.132609 0.744062 0.075652 0.010625
0 0.053913 0.847500 0.064348 0.008750
0 0.051304 0.858437 0.059130 0.009375
0 0.130870 0.891250 0.070435 0.011250
0 0.211739 0.766250 0.070435 0.010000
0 0.210435 0.823125 0.067826 0.008750
0 0.209565 0.986563 0.067826 0.010625
0 0.290000 0.911563 0.070435 0.013125
0 0.372174 0.960938 0.052174 0.009375
0 0.374348 0.724688 0.075652 0.011875
0 0.374348 0.575000 0.066957 0.011250
0 0.293913 0.550937 0.050435 0.008125
0 0.376957 0.415938 0.053043 0.009375
0 0.304348 0.415625 0.057391 0.011250
0 0.377826 0.376875 0.072174 0.011250
0 0.376957 0.174375 0.047826 0.007500
0 0.378261 0.133437 0.069565 0.010625
0 0.297391 0.090313 0.046957 0.006875
0 0.297826 0.054375 0.070435 0.008750
0 0.456087 0.075625 0.072174 0.010000
0 0.458261 0.118125 0.046957 0.007500
0 0.464783 0.204063 0.058261 0.008125
0 0.537391 0.264375 0.069565 0.011250
0 0.538261 0.526563 0.073043 0.009375
0 0.537826 0.555000 0.077391 0.010000
0 0.540435 0.565937 0.073913 0.009375
0 0.455652 0.928438 0.055652 0.009375
0 0.702609 0.082500 0.046957 0.008750
0 0.867826 0.060937 0.071304 0.011875
0 0.952609 0.011875 0.073913 0.010000
0 0.952609 0.051250 0.044348 0.007500
0 0.869565 0.148125 0.076522 0.011250
0 0.786522 0.256250 0.072174 0.010000
0 0.953913 0.256563 0.048696 0.009375
0 0.870435 0.185000 0.046957 0.008750
0 0.871304 0.397188 0.048696 0.008125
0 0.702174 0.499375 0.073913 0.011250
0 0.620000 0.505938 0.073043 0.006875
0 0.619130 0.515312 0.073043 0.009375
0 0.617391 0.557187 0.052174 0.009375
0 0.786522 0.940000 0.073913 0.015000
0 0.619565 0.990625 0.054783 0.010000
1 0.377826 0.042500 0.058261 0.015000
1 0.380870 0.119063 0.062609 0.014375
1 0.464783 0.370625 0.056522 0.015000
1 0.133478 0.438750 0.066957 0.016250
1 0.366087 0.491563 0.053913 0.016875
1 0.136087 0.327813 0.060000 0.014375
1 0.132174 0.508750 0.057391 0.013750
1 0.213043 0.663125 0.066087 0.015000
1 0.456087 0.674687 0.065217 0.015625
1 0.536957 0.723437 0.065217 0.015625
1 0.133478 0.680937 0.070435 0.016875
1 0.536087 0.818750 0.065217 0.016250
1 0.211739 0.835313 0.056522 0.013125
1 0.455217 0.990000 0.063478 0.013750
1 0.531304 0.992188 0.045217 0.013125
1 0.786522 0.047813 0.063478 0.014375
1 0.784783 0.440625 0.068696 0.017500
1 0.953478 0.603750 0.070435 0.015000
1 0.870000 0.564063 0.068696 0.015625
1 0.869565 0.720000 0.067826 0.013750
2 0.078696 0.041250 0.025217 0.042500
2 0.217391 0.108438 0.027826 0.046875
2 0.077826 0.241563 0.021739 0.049375
2 0.126087 0.295938 0.019130 0.035625
2 0.217826 0.170313 0.025217 0.045625
2 0.286522 0.112500 0.016522 0.035000
2 0.367826 0.199687 0.015652 0.040625
2 0.375652 0.331875 0.024348 0.046250
2 0.445217 0.141875 0.017391 0.036250
2 0.364348 0.442188 0.022609 0.036875
2 0.133043 0.469375 0.024348 0.042500
2 0.033913 0.435625 0.019130 0.048750
2 0.281739 0.576875 0.017391 0.041250
2 0.393043 0.650312 0.022609 0.050625
2 0.211304 0.610313 0.026087 0.045625
2 0.071304 0.616250 0.019130 0.052500
2 0.131739 0.713437 0.021739 0.048125
2 0.210870 0.739062 0.021739 0.043125
2 0.126087 0.822500 0.020870 0.045000
2 0.442174 0.953438 0.018261 0.038125
2 0.360000 0.983125 0.017391 0.033750
2 0.147391 0.917813 0.020000 0.043125
2 0.687826 0.105938 0.013913 0.035625
2 0.941739 0.073750 0.015652 0.036250
2 0.978696 0.125000 0.020000 0.043750
2 0.859565 0.209375 0.016522 0.035000
2 0.896087 0.261562 0.018261 0.046875
2 0.943043 0.279062 0.014783 0.033125
2 0.858696 0.420938 0.013043 0.034375
2 0.616957 0.483750 0.016522 0.045000
3 0.147391 0.293750 0.014783 0.037500
3 0.387391 0.198437 0.014783 0.038125
3 0.471304 0.140000 0.015652 0.036250
3 0.565217 0.153125 0.017391 0.052500
3 0.072609 0.432188 0.021739 0.048125
3 0.391304 0.441250 0.015652 0.038750
3 0.406522 0.490000 0.018261 0.041250
3 0.304348 0.574063 0.015652 0.036875
3 0.150435 0.647188 0.017391 0.049375
3 0.113913 0.647500 0.019130 0.048750
3 0.384348 0.982187 0.017391 0.035625
3 0.468261 0.952500 0.016522 0.040000
3 0.563043 0.984062 0.014783 0.031875
3 0.535652 0.786875 0.020870 0.047500
3 0.893478 0.030312 0.018261 0.046875
3 0.966522 0.070938 0.014783 0.033125
3 0.968696 0.278125 0.013913 0.035000
3 0.884783 0.420312 0.014783 0.034375
3 0.871304 0.476562 0.019130 0.051875
3 0.931739 0.491250 0.018261 0.046250
3 0.726522 0.597812 0.018261 0.054375
3 0.627826 0.577500 0.015652 0.033750
3 0.953478 0.636563 0.021739 0.050625
3 0.927826 0.760000 0.019130 0.053750
3 0.726522 0.835625 0.018261 0.051250
3 0.809565 0.907188 0.022609 0.051875
3 0.950870 0.923750 0.020000 0.047500
3 0.063913 0.382188 0.014783 0.039375
2 0.043913 0.381563 0.014783 0.036875
3 0.408696 0.529062 0.015652 0.036875
4 0.298261 0.160625 0.055652 0.046250
4 0.457826 0.308125 0.063478 0.050000
4 0.133913 0.537188 0.060870 0.043125
4 0.292609 0.627812 0.061739 0.049375
4 0.533913 0.662188 0.064348 0.048125
4 0.452174 0.708750 0.060870 0.046250
4 0.622174 0.036562 0.065217 0.051875
4 0.702174 0.159062 0.061739 0.048125
4 0.618696 0.213438 0.066957 0.045625
4 0.787391 0.492188 0.066957 0.048125
4 0.951739 0.685625 0.063478 0.051250
4 0.870870 0.970625 0.066957 0.050000
