0 0.045215 0.231218 0.058824 0.011658
0 0.131694 0.041775 0.077261 0.016192
0 0.130817 0.227008 0.054434 0.009715
0 0.128622 0.529793 0.076383 0.011658
0 0.125988 0.563148 0.076383 0.012306
0 0.125988 0.856218 0.053556 0.010363
0 0.222564 0.066710 0.081651 0.015544
0 0.219491 0.379534 0.075505 0.010363
0 0.211150 0.672604 0.081651 0.011010
0 0.211150 0.709521 0.083406 0.009715
0 0.209833 0.893459 0.082529 0.011010
0 0.210711 0.942358 0.082529 0.011658
0 0.305092 0.502915 0.058824 0.013601
0 0.302019 0.636982 0.082529 0.013601
0 0.393327 0.319301 0.057946 0.010363
0 0.393766 0.631477 0.074627 0.015544
0 0.392011 0.700130 0.074627 0.012953
0 0.486392 0.051166 0.057946 0.010363
0 0.479807 0.389573 0.076383 0.016192
0 0.480246 0.579016 0.075505 0.010363
0 0.474978 0.645402 0.059701 0.012306
0 0.480246 0.930376 0.070237 0.011010
0 0.568042 0.299223 0.059701 0.011658
0 0.560140 0.434262 0.082529 0.012306
0 0.575505 0.484780 0.065847 0.012306
0 0.565847 0.586464 0.083406 0.013601
0 0.658911 0.006801 0.076383 0.012306
0 0.656277 0.188472 0.076383 0.014249
0 0.661545 0.332902 0.058824 0.009067
0 0.658033 0.721503 0.058824 0.009067
0 0.656716 0.938148 0.079017 0.016192
0 0.756804 0.211788 0.082529 0.014249
0 0.750658 0.535622 0.061457 0.014249
0 0.751975 0.704016 0.086918 0.015544
0 0.749342 0.795661 0.090430 0.012306
0 0.754170 0.938148 0.059701 0.013601
0 0.845040 0.043394 0.071115 0.015544
0 0.845040 0.160946 0.079895 0.013601
0 0.845040 0.948187 0.078139 0.012953
0 0.939860 0.032060 0.085162 0.012306
0 0.939860 0.086464 0.065847 0.011010
0 0.940299 0.195920 0.087796 0.012306
0 0.939860 0.272021 0.086918 0.014249
0 0.938982 0.371438 0.090430 0.012306
0 0.940299 0.608161 0.096576 0.014249
1 0.029851 0.496438 0.054434 0.016192
1 0.032924 0.865285 0.058824 0.019430
1 0.132572 0.121438 0.070237 0.020078
1 0.219491 0.270078 0.064969 0.019430
1 0.306409 0.715350 0.079017 0.022668
1 0.395961 0.268459 0.066725 0.020078
1 0.393327 0.485104 0.075505 0.020725
1 0.392011 0.881477 0.065847 0.020725
1 0.392011 0.934262 0.060579 0.016192
1 0.766462 0.879858 0.063213 0.021373
1 0.845040 0.113990 0.065847 0.018135
2 0.034680 0.258744 0.023705 0.044689
2 0.040386 0.350389 0.022827 0.053109
2 0.035119 0.694301 0.026339 0.053109
2 0.118086 0.256477 0.018437 0.051813
2 0.108867 0.885687 0.021071 0.048575
2 0.294118 0.532060 0.024583 0.052461
2 0.308165 0.672604 0.031607 0.058938
2 0.402985 0.056995 0.029851 0.056995
2 0.387182 0.350389 0.021071 0.047927
2 0.469710 0.078692 0.019315 0.044689
2 0.464004 0.674547 0.020193 0.047280
2 0.483319 0.817358 0.027217 0.056995
2 0.557068 0.328692 0.021949 0.045984
2 0.590869 0.396697 0.024583 0.064119
2 0.540825 0.547280 0.024583 0.066062
2 0.650571 0.363990 0.022827 0.045337
2 0.648376 0.748705 0.021949 0.044041
2 0.740562 0.398964 0.027217 0.060881
2 0.742757 0.565091 0.019315 0.047280
2 0.743635 0.965350 0.022827 0.052461
2 0.932836 0.113666 0.027217 0.048575
2 0.974100 0.525907 0.034241 0.069948
3 0.059263 0.256477 0.018437 0.047927
3 0.065408 0.879534 0.011414 0.049223
3 0.146620 0.254858 0.019315 0.044689
3 0.110184 0.318977 0.021949 0.060233
3 0.136962 0.886982 0.017559 0.048575
3 0.241440 0.762306 0.021071 0.058290
3 0.237050 0.973446 0.017559 0.051813
3 0.341528 0.295661 0.019315 0.057642
3 0.322651 0.532060 0.020193 0.045984
3 0.286216 0.598446 0.024583 0.056995
3 0.413082 0.350389 0.014925 0.047927
3 0.418349 0.662889 0.020193 0.055052
3 0.416594 0.813148 0.021949 0.058938
3 0.502195 0.079016 0.021071 0.045337
3 0.463565 0.352008 0.026339 0.064119
3 0.500878 0.350389 0.025461 0.063472
3 0.463565 0.543718 0.022827 0.058938
3 0.492976 0.542422 0.023705 0.058938
3 0.489464 0.674547 0.018437 0.045984
3 0.499561 0.961464 0.015803 0.048575
3 0.553117 0.225389 0.024583 0.058290
3 0.584284 0.223122 0.021949 0.058938
3 0.581651 0.326749 0.021949 0.045984
3 0.693152 0.148964 0.023705 0.067358
3 0.676471 0.361723 0.023705 0.048575
3 0.689640 0.551490 0.018437 0.056347
3 0.673837 0.746438 0.023705 0.044689
3 0.687006 0.900907 0.023705 0.056995
3 0.776558 0.397021 0.028973 0.063472
3 0.769535 0.563148 0.023705 0.047280
3 0.724320 0.862047 0.022827 0.066062
3 0.770852 0.963407 0.022827 0.044689
3 0.868745 0.539832 0.025461 0.058938
3 0.868745 0.862047 0.020193 0.049223
3 0.956541 0.113990 0.020193 0.046632
3 0.975856 0.447539 0.030729 0.068653
3 0.920983 0.737047 0.024583 0.060881
3 0.974978 0.797604 0.030729 0.057642
4 0.045215 0.032060 0.071115 0.056347
4 0.044337 0.159003 0.071115 0.057642
4 0.305531 0.809262 0.070237 0.060233
4 0.394644 0.414832 0.067603 0.056347
4 0.485514 0.141516 0.075505 0.056347
4 0.484197 0.252915 0.078139 0.058938
4 0.481124 0.448510 0.068481 0.055052
4 0.575505 0.141516 0.076383 0.056347
4 0.566286 0.644106 0.075505 0.057642
4 0.661106 0.432319 0.079017 0.060233
4 0.663301 0.605894 0.072871 0.058938
4 0.658033 0.803109 0.072871 0.053109
4 0.847673 0.272345 0.074627 0.056347
4 0.937665 0.570596 0.077261 0.060881
7 0.219930 0.176490 0.078139 0.018782
7 0.217735 0.363018 0.082529 0.016192
7 0.212028 0.725065 0.078139 0.023964
7 0.398595 0.022345 0.077261 0.021373
7 0.481124 0.407707 0.068481 0.023964
7 0.396400 0.731218 0.072871 0.019430
7 0.395522 0.899288 0.074627 0.020078
7 0.753731 0.734780 0.081651 0.017487
7 0.942493 0.176490 0.093942 0.023964
7 0.943371 0.347798 0.093942 0.031088
7 0.847234 0.496762 0.079017 0.025907
12 0.474100 0.788860 0.064969 0.046632
12 0.475417 0.865609 0.067603 0.044689
7 0.846795 0.177137 0.081651 0.021373
12 0.851624 0.319624 0.071993 0.040803
12 0.758560 0.459197 0.087796 0.056995
