1 0.056957 0.023750 0.072174 0.012500
1 0.056522 0.064687 0.046957 0.010625
1 0.057391 0.283438 0.050435 0.009375
1 0.128261 0.772188 0.060000 0.011875
1 0.222609 0.340938 0.073043 0.014375
1 0.220870 0.513437 0.073043 0.013125
1 0.220435 0.598125 0.075652 0.015000
1 0.220435 0.769687 0.073913 0.013125
1 0.219130 0.860000 0.078261 0.015000
1 0.296522 0.040625 0.059130 0.011250
1 0.300435 0.752188 0.049565 0.009375
1 0.286522 0.831875 0.053043 0.010000
1 0.383043 0.600313 0.073913 0.011875
1 0.463043 0.372500 0.073913 0.015000
1 0.459565 0.657813 0.053043 0.009375
1 0.532174 0.558438 0.057391 0.010625
1 0.541304 0.607812 0.075652 0.013125
1 0.540435 0.932500 0.070435 0.011250
1 0.620870 0.556250 0.071304 0.011250
1 0.620870 0.566250 0.074783 0.011250
1 0.620435 0.827500 0.072174 0.011250
1 0.702174 0.507812 0.073913 0.015625
1 0.699565 0.694063 0.053043 0.009375
1 0.700870 0.856250 0.069565 0.010000
1 0.700870 0.972812 0.053913 0.010625
1 0.786522 0.088438 0.073913 0.010625
1 0.785652 0.240000 0.072174 0.012500
1 0.783913 0.521563 0.072174 0.013125
1 0.782609 0.564688 0.053913 0.010625
1 0.782174 0.780312 0.073913 0.013125
1 0.784348 0.687813 0.076522 0.013125
1 0.866522 0.796250 0.080870 0.012500
1 0.866522 0.935937 0.073913 0.010625
1 0.953478 0.076563 0.077391 0.013125
1 0.953478 0.187188 0.077391 0.013125
1 0.952609 0.343750 0.075652 0.011250
1 0.952174 0.505938 0.078261 0.013125
2 0.300870 0.470938 0.064348 0.016875
2 0.382609 0.130938 0.069565 0.016875
2 0.382174 0.320937 0.068696 0.016875
2 0.382609 0.396250 0.066087 0.016250
2 0.457391 0.934688 0.069565 0.018125
2 0.540000 0.757188 0.067826 0.018125
2 0.544348 0.108125 0.067826 0.015000
2 0.624348 0.218750 0.064348 0.013750
2 0.622174 0.417187 0.066957 0.015625
2 0.700870 0.891563 0.069565 0.014375
2 0.701739 0.919375 0.062609 0.012500
2 0.705217 0.322813 0.067826 0.016875
2 0.706087 0.117813 0.066087 0.015625
2 0.789565 0.074063 0.073043 0.015625
2 0.787826 0.409375 0.069565 0.017500
2 0.782609 0.625938 0.064348 0.013125
2 0.952609 0.691250 0.070435 0.020000
2 0.947391 0.853437 0.068696 0.016875
0 0.046522 0.089688 0.016522 0.036875
0 0.084348 0.145313 0.022609 0.050625
0 0.046522 0.306875 0.016522 0.037500
0 0.196522 0.892188 0.020870 0.049375
0 0.218696 0.739375 0.025217 0.052500
0 0.198696 0.628750 0.021739 0.052500
0 0.222609 0.481563 0.026087 0.049375
0 0.286957 0.169063 0.024348 0.048125
0 0.280870 0.927188 0.024348 0.049375
0 0.358696 0.761875 0.025217 0.055000
0 0.360435 0.629375 0.025217 0.050000
0 0.381739 0.573438 0.022609 0.045625
0 0.402609 0.505625 0.026087 0.047500
0 0.532609 0.583438 0.025217 0.044375
0 0.698261 0.828438 0.024348 0.048125
0 0.688261 0.720000 0.020000 0.042500
0 0.702609 0.474375 0.022609 0.047500
0 0.786522 0.118438 0.023478 0.051875
0 0.866957 0.763750 0.026087 0.057500
0 0.892174 0.323125 0.024348 0.051250
3 0.072609 0.306875 0.016522 0.036250
3 0.032609 0.531250 0.020000 0.051250
3 0.053913 0.684063 0.027826 0.055625
3 0.028261 0.814063 0.025217 0.060625
3 0.160870 0.395625 0.017391 0.045000
3 0.138696 0.446875 0.018261 0.050000
3 0.164348 0.772188 0.020870 0.055625
3 0.243913 0.085938 0.021739 0.049375
3 0.244783 0.961250 0.020000 0.048750
3 0.329565 0.038125 0.019130 0.043750
3 0.323478 0.166563 0.022609 0.051875
3 0.309565 0.778438 0.017391 0.043125
0 0.289130 0.777813 0.021739 0.043125
3 0.386957 0.100937 0.017391 0.048125
3 0.386522 0.288125 0.021739 0.056250
3 0.468696 0.141563 0.022609 0.049375
3 0.470870 0.684375 0.020000 0.043750
0 0.448696 0.684063 0.020870 0.043125
3 0.566957 0.630000 0.019130 0.035000
3 0.538261 0.960938 0.020870 0.049375
3 0.622174 0.513750 0.020000 0.048750
3 0.602174 0.797500 0.023478 0.053750
3 0.636522 0.796875 0.020870 0.052500
3 0.648261 0.870938 0.021739 0.045625
3 0.704348 0.085625 0.020870 0.051250
3 0.708261 0.290625 0.023478 0.050000
3 0.704783 0.415000 0.023478 0.047500
3 0.710870 0.719688 0.018261 0.043125
3 0.796522 0.589688 0.020870 0.041875
0 0.772609 0.590938 0.016522 0.040625
3 0.784348 0.747500 0.022609 0.052500
3 0.896957 0.533438 0.020000 0.053125
3 0.900435 0.224688 0.020000 0.050625
3 0.898261 0.097187 0.019130 0.053125
3 0.898696 0.035312 0.018261 0.048125
4 0.050435 0.735313 0.066087 0.054375
4 0.222174 0.215000 0.063478 0.051250
4 0.224348 0.294063 0.064348 0.049375
4 0.222174 0.542188 0.063478 0.049375
4 0.220435 0.800312 0.072174 0.050625
4 0.301739 0.500938 0.062609 0.046875
4 0.384783 0.423750 0.061739 0.047500
4 0.380435 0.680312 0.065217 0.050625
4 0.378696 0.810625 0.070435 0.051250
4 0.460435 0.740000 0.068696 0.050000
4 0.776957 0.853125 0.066957 0.056250
4 0.785652 0.038750 0.070435 0.051250
0 0.979565 0.104063 0.023478 0.049375
2 0.463478 0.429688 0.064348 0.016875
2 0.370870 0.474062 0.051304 0.013125
