1 0.057826 0.023750 0.072174 0.012500
1 0.057391 0.065312 0.046957 0.010625
1 0.057826 0.283438 0.051304 0.009375
1 0.128261 0.772188 0.060000 0.011875
1 0.223478 0.341562 0.073043 0.014375
1 0.220870 0.514062 0.073043 0.013125
1 0.220435 0.598125 0.075652 0.015000
1 0.220435 0.770312 0.073913 0.013125
1 0.219565 0.860000 0.079130 0.015000
1 0.296522 0.040625 0.059130 0.011250
1 0.301304 0.752188 0.049565 0.009375
1 0.287391 0.831875 0.053043 0.010000
1 0.383913 0.600625 0.073913 0.012500
1 0.463913 0.372500 0.073913 0.015000
1 0.460000 0.657813 0.052174 0.009375
1 0.533043 0.558750 0.057391 0.011250
1 0.541739 0.608437 0.074783 0.013125
1 0.540435 0.932500 0.070435 0.011250
1 0.620870 0.556250 0.071304 0.011250
1 0.620870 0.566250 0.074783 0.011250
1 0.621304 0.827500 0.072174 0.011250
1 0.702174 0.508437 0.073913 0.015625
1 0.700000 0.694063 0.052174 0.009375
1 0.700870 0.856250 0.069565 0.010000
1 0.700870 0.973437 0.053913 0.010625
1 0.787391 0.088438 0.073913 0.010625
1 0.786087 0.240000 0.073043 0.012500
1 0.784348 0.521563 0.073043 0.013125
1 0.783478 0.564688 0.053913 0.010625
1 0.783043 0.780937 0.073913 0.013125
1 0.784348 0.687813 0.076522 0.013125
1 0.866522 0.796250 0.080870 0.012500
1 0.866522 0.936562 0.073913 0.010625
1 0.953913 0.076875 0.076522 0.012500
1 0.953913 0.187812 0.076522 0.013125
1 0.952609 0.343750 0.075652 0.011250
1 0.952174 0.505938 0.078261 0.013125
2 0.301739 0.471562 0.064348 0.016875
2 0.382609 0.131562 0.069565 0.016875
2 0.383043 0.321562 0.068696 0.016875
2 0.383478 0.396250 0.066087 0.016250
2 0.457826 0.934688 0.068696 0.018125
2 0.540435 0.757500 0.066957 0.017500
2 0.545217 0.108125 0.067826 0.015000
2 0.625217 0.218750 0.064348 0.013750
2 0.623043 0.417812 0.066957 0.015625
2 0.700870 0.891563 0.069565 0.014375
2 0.702174 0.919375 0.063478 0.012500
2 0.705652 0.322813 0.066957 0.016875
2 0.706087 0.117813 0.066087 0.015625
2 0.790000 0.074063 0.072174 0.015625
2 0.788261 0.409375 0.068696 0.017500
2 0.783478 0.626250 0.064348 0.013750
2 0.952609 0.691250 0.070435 0.020000
2 0.947826 0.854062 0.069565 0.016875
0 0.046522 0.089688 0.016522 0.036875
0 0.084348 0.145313 0.022609 0.050625
0 0.047391 0.306875 0.016522 0.037500
0 0.197391 0.892500 0.020870 0.048750
0 0.218696 0.739375 0.025217 0.052500
0 0.199565 0.628750 0.021739 0.052500
0 0.222609 0.482187 0.026087 0.049375
0 0.286957 0.169687 0.024348 0.048125
0 0.280870 0.927188 0.024348 0.049375
0 0.359565 0.761875 0.025217 0.055000
0 0.361304 0.629375 0.025217 0.050000
0 0.382174 0.573438 0.023478 0.045625
0 0.402609 0.505625 0.026087 0.047500
0 0.532609 0.583750 0.025217 0.045000
0 0.698261 0.828438 0.024348 0.048125
0 0.688261 0.720000 0.020000 0.042500
0 0.703478 0.474375 0.022609 0.047500
0 0.786522 0.118750 0.023478 0.052500
0 0.867826 0.763750 0.026087 0.057500
0 0.892174 0.323125 0.024348 0.051250
3 0.072609 0.306875 0.016522 0.036250
3 0.033478 0.531250 0.020000 0.051250
3 0.054348 0.684063 0.026957 0.055625
3 0.029130 0.814063 0.025217 0.060625
3 0.160870 0.395625 0.017391 0.045000
3 0.138696 0.446875 0.018261 0.050000
3 0.165217 0.772500 0.020870 0.056250
3 0.244348 0.086250 0.020870 0.048750
3 0.244783 0.961250 0.020000 0.048750
3 0.330000 0.038125 0.018261 0.043750
3 0.323913 0.167187 0.023478 0.051875
3 0.310000 0.778438 0.016522 0.043125
0 0.289565 0.777813 0.020870 0.043125
3 0.386957 0.101562 0.017391 0.048125
3 0.387391 0.288125 0.021739 0.056250
3 0.468696 0.141563 0.022609 0.049375
3 0.471739 0.684375 0.020000 0.043750
0 0.448696 0.684063 0.020870 0.043125
3 0.566957 0.630000 0.019130 0.035000
3 0.539130 0.961562 0.020870 0.049375
3 0.623043 0.513750 0.020000 0.048750
3 0.603043 0.797500 0.023478 0.053750
3 0.637391 0.796875 0.020870 0.052500
3 0.648261 0.871250 0.021739 0.046250
3 0.705217 0.085625 0.020870 0.051250
3 0.708261 0.290625 0.023478 0.050000
3 0.705652 0.415000 0.023478 0.047500
3 0.710870 0.719688 0.018261 0.043125
3 0.796522 0.589688 0.020870 0.041875
0 0.772609 0.590938 0.016522 0.040625
3 0.785217 0.747500 0.022609 0.052500
3 0.897826 0.533438 0.020000 0.053125
3 0.900435 0.225312 0.020000 0.050625
3 0.899130 0.097812 0.019130 0.053125
3 0.898696 0.035937 0.018261 0.048125
4 0.051304 0.735313 0.066087 0.054375
4 0.223043 0.215000 0.063478 0.051250
4 0.224348 0.294687 0.064348 0.049375
4 0.223043 0.542188 0.063478 0.049375
4 0.220435 0.800937 0.072174 0.050625
4 0.302174 0.500938 0.063478 0.046875
4 0.384783 0.423750 0.061739 0.047500
4 0.381304 0.680937 0.065217 0.050625
4 0.379565 0.810625 0.070435 0.051250
4 0.460435 0.740000 0.068696 0.050000
4 0.776957 0.853125 0.066957 0.056250
4 0.786087 0.038750 0.071304 0.051250
0 0.980000 0.104063 0.022609 0.049375
