0 0.049569 0.522813 0.075000 0.011875
0 0.049138 0.556875 0.074138 0.012500
0 0.048276 0.612812 0.072414 0.011875
0 0.049569 0.729375 0.075000 0.011250
0 0.046983 0.803438 0.073276 0.013125
0 0.046552 0.876563 0.074138 0.013125
0 0.048276 0.890625 0.075862 0.012500
0 0.136638 0.006250 0.075000 0.011250
0 0.134914 0.048125 0.052586 0.012500
0 0.131897 0.599688 0.081034 0.015625
0 0.132328 0.650625 0.061207 0.011250
0 0.212500 0.218438 0.075000 0.015625
0 0.218966 0.265313 0.056897 0.010625
0 0.212500 0.328125 0.075000 0.012500
0 0.212500 0.570625 0.075000 0.011250
0 0.298707 0.240625 0.073276 0.012500
0 0.299138 0.285938 0.050000 0.014375
0 0.297414 0.377188 0.070690 0.010625
0 0.298707 0.550625 0.073276 0.013750
0 0.297414 0.896875 0.072414 0.012500
0 0.296983 0.940000 0.050862 0.011250
0 0.382759 0.293438 0.068966 0.010625
0 0.374569 0.526563 0.075000 0.011875
0 0.462069 0.093438 0.050000 0.010625
0 0.462069 0.309688 0.050000 0.014375
0 0.462069 0.536563 0.062069 0.010625
0 0.462500 0.752188 0.075000 0.014375
0 0.462069 0.855938 0.062069 0.010625
0 0.545690 0.380625 0.051724 0.012500
0 0.624569 0.233125 0.075000 0.011250
0 0.625000 0.444688 0.050000 0.010625
0 0.706897 0.040938 0.053448 0.009375
0 0.710776 0.635938 0.050862 0.011875
0 0.787069 0.207500 0.050000 0.012500
0 0.787069 0.880625 0.050000 0.012500
0 0.949569 0.042813 0.075000 0.013125
0 0.949569 0.160938 0.075000 0.011875
0 0.957328 0.294063 0.056034 0.011875
0 0.962069 0.547813 0.075862 0.015625
0 0.961638 0.587500 0.076724 0.015000
0 0.960776 0.798750 0.075000 0.012500
0 0.960776 0.810625 0.078448 0.013750
0 0.962500 0.960313 0.075000 0.014375
1 0.049569 0.042813 0.062931 0.015625
1 0.058190 0.460938 0.056034 0.014375
1 0.049569 0.667813 0.062931 0.015625
1 0.135776 0.296563 0.064655 0.015625
1 0.135345 0.408438 0.063793 0.015625
1 0.131466 0.877188 0.066379 0.018125
1 0.212069 0.798438 0.062069 0.015625
1 0.382328 0.386875 0.068103 0.017500
1 0.462069 0.625000 0.062069 0.018750
1 0.545690 0.014063 0.065517 0.019375
1 0.546983 0.782813 0.064655 0.018125
1 0.624569 0.115000 0.062931 0.015000
1 0.624569 0.865625 0.075000 0.016250
1 0.711638 0.290938 0.061207 0.013125
1 0.787069 0.369688 0.050000 0.015625
1 0.874569 0.499375 0.062931 0.017500
1 0.874569 0.809688 0.075000 0.019375
1 0.949569 0.009375 0.062931 0.017500
2 0.049569 0.698438 0.025000 0.044375
2 0.049569 0.840938 0.025000 0.053125
2 0.124569 0.074063 0.025000 0.039375
2 0.121983 0.673438 0.018103 0.038125
2 0.237500 0.078750 0.025000 0.051250
2 0.221983 0.184375 0.019828 0.050000
2 0.208621 0.288438 0.017241 0.039375
2 0.325000 0.077813 0.024138 0.046875
2 0.286207 0.309688 0.013793 0.039375
2 0.299569 0.455625 0.025000 0.051250
2 0.324569 0.505313 0.025000 0.048125
2 0.287069 0.960938 0.024138 0.039375
2 0.399569 0.475625 0.025000 0.053750
2 0.449569 0.123438 0.012931 0.036875
2 0.449569 0.332500 0.012931 0.041250
2 0.456466 0.559688 0.019828 0.044375
2 0.446121 0.787188 0.019828 0.048125
2 0.449569 0.877188 0.012931 0.035625
2 0.462500 0.944688 0.025000 0.048125
2 0.562500 0.050000 0.025000 0.051250
2 0.535345 0.400938 0.015517 0.040625
2 0.549569 0.590938 0.025000 0.048125
2 0.546983 0.964688 0.025000 0.048125
2 0.646552 0.200313 0.022414 0.049375
2 0.612500 0.468438 0.025000 0.039375
2 0.624569 0.691250 0.025000 0.051250
2 0.697414 0.063125 0.020690 0.038750
2 0.698276 0.658438 0.022414 0.039375
2 0.731897 0.765938 0.024138 0.051875
2 0.712500 0.855625 0.025000 0.048750
2 0.783190 0.227813 0.019828 0.036875
2 0.775000 0.906250 0.024138 0.040000
2 0.873276 0.025000 0.022414 0.048750
2 0.873707 0.328125 0.023276 0.053750
2 0.874569 0.642813 0.025000 0.051875
2 0.958190 0.128438 0.030172 0.051875
2 0.947414 0.319375 0.020690 0.041250
3 0.050431 0.580313 0.014655 0.043125
3 0.148707 0.071563 0.014655 0.040625
3 0.161638 0.215938 0.012931 0.048125
3 0.137500 0.265313 0.025000 0.048125
3 0.146552 0.672188 0.017241 0.039375
3 0.161638 0.818125 0.012931 0.048750
3 0.199569 0.078125 0.025000 0.050000
3 0.225431 0.288438 0.014655 0.043125
3 0.244397 0.705313 0.014655 0.046875
3 0.221121 0.763125 0.018103 0.050000
3 0.322845 0.208750 0.021552 0.055000
3 0.311638 0.310000 0.012931 0.038750
3 0.331466 0.406250 0.016379 0.046250
3 0.324569 0.585938 0.012931 0.045625
3 0.319828 0.864375 0.022414 0.048750
3 0.311638 0.962500 0.012931 0.040000
3 0.474569 0.123125 0.012931 0.037500
3 0.447845 0.185938 0.021552 0.056875
3 0.474569 0.331250 0.012931 0.042500
3 0.446121 0.391250 0.023276 0.058750
3 0.475000 0.558750 0.013793 0.041250
3 0.483621 0.787813 0.024138 0.051875
3 0.474569 0.876563 0.012931 0.036875
3 0.559052 0.403125 0.014655 0.041250
3 0.549138 0.750000 0.024138 0.052500
3 0.631897 0.077813 0.022414 0.054375
3 0.637069 0.467813 0.012069 0.040625
3 0.624569 0.830313 0.025000 0.049375
3 0.722845 0.059062 0.016379 0.040625
3 0.712500 0.256875 0.025000 0.055000
3 0.800000 0.227500 0.013793 0.038750
3 0.797845 0.338438 0.021552 0.050625
3 0.806897 0.905625 0.017241 0.041250
3 0.973276 0.316875 0.015517 0.042500
3 0.946121 0.508750 0.025000 0.058750
3 0.984914 0.767188 0.019828 0.053125
3 0.962500 0.865000 0.025000 0.057500
4 0.049569 0.158438 0.062931 0.048125
4 0.049569 0.408438 0.062931 0.045625
4 0.124138 0.219688 0.051724 0.048125
4 0.122845 0.819688 0.059483 0.048125
4 0.209483 0.710313 0.055172 0.049375
4 0.299569 0.031250 0.062931 0.053750
4 0.287500 0.083125 0.061207 0.050000
4 0.294828 0.407813 0.062069 0.049375
1 0.287069 0.595313 0.062069 0.014375
4 0.299569 0.690625 0.062931 0.050000
4 0.287069 0.742188 0.050000 0.048125
4 0.385345 0.058438 0.065517 0.048125
4 0.384052 0.226875 0.066379 0.051250
4 0.381466 0.620313 0.061207 0.049375
4 0.462069 0.029063 0.062069 0.055625
4 0.462500 0.242188 0.062931 0.056875
4 0.462069 0.448125 0.062069 0.051250
4 0.547845 0.202813 0.071552 0.050625
4 0.546983 0.312188 0.062931 0.053125
4 0.624569 0.265313 0.062931 0.050625
4 0.625431 0.375000 0.073276 0.052500
4 0.710345 0.464375 0.065517 0.051250
4 0.711638 0.569688 0.062931 0.046875
4 0.787069 0.026250 0.062069 0.051250
4 0.793966 0.137813 0.068966 0.051875
4 0.795690 0.646563 0.068966 0.051875
4 0.794397 0.814063 0.066379 0.051875
4 0.874569 0.949688 0.075000 0.051875
9 0.136638 0.186875 0.075000 0.018750
9 0.050000 0.058438 0.074138 0.021875
9 0.049569 0.125938 0.075000 0.021875
9 0.049569 0.377188 0.075000 0.021875
9 0.048707 0.626563 0.073276 0.020625
9 0.212931 0.677813 0.074138 0.021875
9 0.132328 0.783438 0.073276 0.016875
9 0.045259 0.903125 0.075000 0.018750
9 0.047414 0.923750 0.075862 0.023750
9 0.381466 0.157188 0.075000 0.025625
9 0.375000 0.513750 0.075862 0.020000
9 0.375000 0.537813 0.074138 0.016875
9 0.959483 0.825313 0.074138 0.025625
12 0.210776 0.395625 0.064655 0.053750
12 0.461638 0.927813 0.075000 0.053125
12 0.624569 0.028438 0.075000 0.048125
12 0.708621 0.205313 0.070690 0.045625
12 0.788362 0.296563 0.076724 0.045625
9 0.050000 0.507188 0.074138 0.024375
17 0.199138 0.020938 0.037931 0.014375
9 0.050000 0.209375 0.075862 0.021250
17 0.113362 0.358125 0.037069 0.013750
17 0.057328 0.473125 0.038793 0.012500
17 0.200431 0.539687 0.038793 0.016875
17 0.121552 0.569063 0.043103 0.014375
17 0.196121 0.865313 0.037069 0.015625
17 0.387069 0.093438 0.037931 0.013125
17 0.278017 0.135313 0.030172 0.013125
17 0.315948 0.134063 0.031897 0.015625
17 0.384052 0.304063 0.033621 0.013125
17 0.387069 0.400938 0.037931 0.014375
9 0.296983 0.562813 0.068103 0.018125
17 0.288793 0.606875 0.034483 0.013750
17 0.362069 0.936250 0.037931 0.017500
9 0.461638 0.975938 0.075000 0.023125
17 0.712931 0.355938 0.036207 0.013125
17 0.528448 0.540312 0.034483 0.013125
17 0.540948 0.826250 0.031897 0.013750
17 0.624569 0.903438 0.037069 0.018125
17 0.869828 0.190938 0.043103 0.018125
1 0.864224 0.148125 0.054310 0.018750
17 0.775862 0.478438 0.034483 0.013125
17 0.795690 0.589688 0.037931 0.020625
17 0.962069 0.715938 0.037931 0.013125
17 0.962500 0.920000 0.040517 0.013750
6 0.057328 0.254375 0.049138 0.038750
11 0.813793 0.492188 0.022414 0.050625
11 0.986207 0.683125 0.022414 0.065000
12 0.045259 0.454062 0.076724 0.050625
7 0.707328 0.309688 0.073276 0.019375
17 0.635776 0.622812 0.037069 0.014375
8 0.053448 0.489375 0.067241 0.020000
9 0.049138 0.600625 0.072414 0.020000
8 0.045690 0.945000 0.079310 0.020000
15 0.027586 0.965000 0.013793 0.016250
15 0.042672 0.965313 0.014655 0.016875
15 0.057759 0.965625 0.012069 0.016250
15 0.071121 0.965313 0.012931 0.018125
5 0.125431 0.128750 0.056034 0.043750
8 0.134052 0.447813 0.076724 0.021875
5 0.122845 0.724375 0.057759 0.050000
5 0.132328 0.913125 0.076724 0.051250
15 0.240086 0.020938 0.026724 0.030625
8 0.216810 0.425625 0.073276 0.018750
15 0.236207 0.538750 0.032759 0.025000
5 0.207759 0.623437 0.053448 0.045625
8 0.210345 0.902813 0.063793 0.020625
7 0.300431 0.116562 0.062931 0.018125
5 0.288793 0.508125 0.058621 0.051250
20 0.297414 0.537188 0.060345 0.011875
18 0.371552 0.572812 0.053448 0.059375
7 0.463793 0.483125 0.070690 0.023750
18 0.460776 0.715625 0.057759 0.060000
18 0.545259 0.105000 0.052586 0.062500
15 0.567241 0.541875 0.025862 0.028750
18 0.545690 0.692813 0.060345 0.068125
18 0.542672 0.914062 0.054310 0.054375
7 0.625431 0.132500 0.066379 0.025000
16 0.628879 0.161875 0.031897 0.027500
8 0.628017 0.558750 0.075000 0.023750
5 0.630172 0.593437 0.074138 0.051875
18 0.628879 0.779062 0.062931 0.056875
8 0.713362 0.219688 0.068103 0.018125
15 0.714655 0.377812 0.036207 0.030625
18 0.706897 0.715313 0.074138 0.060625
15 0.714655 0.800937 0.041379 0.025625
8 0.709914 0.824063 0.069828 0.021875
18 0.706897 0.948438 0.063793 0.060625
7 0.792241 0.383750 0.068966 0.021250
5 0.792672 0.448437 0.064655 0.050625
4 0.792672 0.697187 0.076724 0.051875
18 0.875000 0.273438 0.056897 0.058125
18 0.871552 0.461250 0.063793 0.060000
18 0.874138 0.584063 0.063793 0.061875
18 0.876724 0.773125 0.055172 0.053750
18 0.873276 0.896563 0.062069 0.058125
18 0.956466 0.623125 0.059483 0.057500
18 0.950862 0.684688 0.053448 0.059375
