1 0.040870 0.050313 0.069565 0.014375
1 0.051304 0.144375 0.050435 0.016250
1 0.540870 0.316563 0.066087 0.014375
1 0.622609 0.338125 0.057391 0.015000
1 0.624783 0.353750 0.056522 0.013750
1 0.293478 0.389375 0.065217 0.015000
1 0.540870 0.640000 0.067826 0.020000
1 0.542174 0.699063 0.061739 0.018125
1 0.128696 0.857187 0.064348 0.016875
1 0.636522 0.929688 0.052174 0.010625
1 0.800435 0.098750 0.070435 0.017500
1 0.890870 0.262813 0.070435 0.015625
1 0.802609 0.350313 0.073043 0.018125
1 0.804348 0.400938 0.067826 0.018125
1 0.532609 0.486250 0.051304 0.015000
1 0.710870 0.507188 0.061739 0.016875
1 0.804783 0.517813 0.070435 0.018125
3 0.022609 0.083437 0.022609 0.051875
3 0.054783 0.257188 0.015652 0.038125
3 0.140870 0.245938 0.017391 0.041875
3 0.230870 0.223750 0.021739 0.052500
3 0.292609 0.168750 0.020000 0.047500
3 0.386522 0.069375 0.014783 0.033750
3 0.552174 0.162500 0.013913 0.040000
3 0.480435 0.288438 0.020000 0.051875
3 0.626522 0.230313 0.023478 0.049375
3 0.034348 0.420000 0.018261 0.051250
3 0.064783 0.416563 0.018261 0.053125
3 0.294348 0.447813 0.021739 0.049375
3 0.227391 0.503750 0.014783 0.038750
3 0.308696 0.555000 0.017391 0.040000
3 0.476957 0.510938 0.016522 0.038125
3 0.486522 0.569063 0.020000 0.051875
3 0.298696 0.617500 0.023478 0.055000
3 0.212609 0.643750 0.025217 0.056250
3 0.056522 0.652188 0.013913 0.035625
3 0.572609 0.503125 0.018261 0.047500
3 0.546957 0.602812 0.019130 0.048125
3 0.140870 0.768750 0.017391 0.037500
3 0.224348 0.792813 0.015652 0.038125
3 0.312609 0.804688 0.016522 0.038125
3 0.444783 0.835313 0.021739 0.059375
3 0.486522 0.834375 0.021739 0.061250
3 0.240870 0.962500 0.022609 0.050000
3 0.574783 0.971562 0.020870 0.053125
3 0.396957 0.767813 0.016522 0.038125
3 0.478696 0.741563 0.016522 0.044375
3 0.646522 0.905625 0.013043 0.028750
3 0.542174 0.283438 0.021739 0.051875
3 0.918696 0.364063 0.023478 0.053125
3 0.916522 0.452813 0.020870 0.050625
3 0.658696 0.452813 0.018261 0.046875
3 0.922174 0.609688 0.020000 0.053125
3 0.824348 0.711875 0.017391 0.042500
3 0.912609 0.762813 0.014783 0.036875
3 0.930870 0.946250 0.018261 0.047500
2 0.364783 0.070938 0.018261 0.035625
2 0.530435 0.162500 0.017391 0.038750
2 0.560870 0.032500 0.019130 0.043750
2 0.360435 0.230313 0.023478 0.055625
2 0.112609 0.247188 0.016522 0.041875
2 0.032609 0.260313 0.020000 0.039375
2 0.366522 0.369688 0.021739 0.043125
2 0.190435 0.410313 0.022609 0.049375
2 0.202609 0.503750 0.017391 0.038750
2 0.282609 0.556875 0.019130 0.041250
2 0.456522 0.510938 0.019130 0.035625
2 0.356957 0.589688 0.021739 0.048125
2 0.038696 0.652813 0.016522 0.035625
2 0.696522 0.616563 0.022609 0.049375
2 0.698261 0.685000 0.024348 0.053750
2 0.454783 0.742188 0.019130 0.045625
2 0.374348 0.767813 0.018261 0.038125
2 0.287391 0.806250 0.014783 0.036250
2 0.204783 0.792500 0.016522 0.041250
2 0.116522 0.767813 0.017391 0.039375
2 0.200870 0.964063 0.024348 0.049375
4 0.456522 0.038750 0.064348 0.047500
4 0.456522 0.089375 0.067826 0.052500
4 0.292609 0.262813 0.066957 0.048125
4 0.212609 0.558438 0.066957 0.048125
4 0.628696 0.622188 0.067826 0.055625
4 0.626522 0.678750 0.063478 0.052500
4 0.038696 0.698125 0.054783 0.042500
4 0.548696 0.818750 0.069565 0.052500
4 0.468261 0.904375 0.060000 0.046250
4 0.712609 0.034688 0.063478 0.049375
4 0.802609 0.437188 0.069565 0.054375
4 0.623478 0.452813 0.059130 0.048125
4 0.706522 0.472813 0.056522 0.045625
4 0.812609 0.857187 0.065217 0.051875
4 0.712609 0.949063 0.063478 0.049375
2 0.796957 0.711562 0.021739 0.040625
2 0.892609 0.765000 0.016522 0.036250
2 0.716522 0.805312 0.020870 0.053125
2 0.872609 0.450313 0.023478 0.048125
2 0.720435 0.884062 0.023478 0.049375
2 0.867826 0.230313 0.022609 0.050625
0 0.207391 0.060937 0.075652 0.010625
0 0.206957 0.073438 0.073043 0.013125
0 0.124348 0.134063 0.067826 0.009375
0 0.126957 0.147813 0.071304 0.013125
0 0.123913 0.179063 0.072174 0.011875
0 0.042609 0.187812 0.073043 0.010625
0 0.041739 0.235937 0.057391 0.010625
0 0.126522 0.219688 0.058261 0.010625
0 0.372174 0.047500 0.046957 0.010000
0 0.538696 0.139063 0.051304 0.008125
0 0.540870 0.196875 0.062609 0.010000
0 0.457391 0.323437 0.064348 0.010625
0 0.460435 0.335938 0.065217 0.009375
0 0.376957 0.340938 0.054783 0.009375
0 0.460870 0.442188 0.066087 0.013125
0 0.128696 0.459375 0.076522 0.011250
0 0.212609 0.479063 0.058261 0.009375
0 0.462609 0.489063 0.050435 0.011875
0 0.379565 0.559688 0.070435 0.011875
0 0.294348 0.530312 0.054783 0.010625
0 0.460435 0.606563 0.066957 0.010625
0 0.462609 0.634687 0.073043 0.010625
0 0.048696 0.556250 0.062609 0.007500
0 0.050435 0.564688 0.062609 0.009375
0 0.046957 0.588750 0.066087 0.007500
0 0.045652 0.630938 0.049565 0.008125
0 0.128696 0.649375 0.069565 0.011250
0 0.130870 0.662500 0.070435 0.011250
0 0.129565 0.700000 0.069565 0.011250
0 0.213478 0.721562 0.068696 0.010625
0 0.300870 0.738437 0.069565 0.010625
0 0.382174 0.745625 0.049565 0.008750
0 0.464783 0.714688 0.049565 0.010625
0 0.128696 0.744062 0.050435 0.010625
0 0.212174 0.769375 0.050435 0.008750
0 0.298696 0.783125 0.047826 0.007500
0 0.301304 0.917500 0.070435 0.010000
0 0.468261 0.969375 0.072174 0.008750
0 0.384783 0.990625 0.068696 0.010000
0 0.046522 0.944688 0.075652 0.010625
0 0.888261 0.005938 0.073913 0.009375
0 0.888696 0.053437 0.069565 0.008125
0 0.801304 0.066250 0.075652 0.012500
0 0.800435 0.205313 0.075652 0.010625
0 0.894783 0.314063 0.074783 0.010625
0 0.628261 0.295938 0.072174 0.009375
0 0.704783 0.523438 0.056522 0.009375
0 0.898696 0.524375 0.082609 0.010000
0 0.898696 0.580313 0.077391 0.010625
0 0.899565 0.675625 0.066957 0.011250
0 0.809565 0.685625 0.057391 0.011250
0 0.899565 0.740625 0.051304 0.010000
0 0.714348 0.720625 0.065217 0.010000
0 0.706957 0.737500 0.053913 0.011250
0 0.881739 0.797500 0.048696 0.010000
0 0.882174 0.817500 0.054783 0.008750
0 0.882609 0.833750 0.057391 0.008750
0 0.882609 0.852812 0.053913 0.009375
0 0.902174 0.898438 0.072174 0.008125
0 0.720870 0.919063 0.069565 0.010625
0 0.636087 0.887813 0.046087 0.008125
13 0.041739 0.168437 0.076522 0.026875
11 0.072174 0.308750 0.020870 0.050000
5 0.034783 0.312812 0.059130 0.051875
17 0.025652 0.382500 0.033913 0.017500
5 0.043043 0.526563 0.061739 0.048125
1 0.049130 0.730313 0.065217 0.016875
5 0.043913 0.822500 0.065217 0.043750
5 0.042174 0.867500 0.061739 0.045000
17 0.025217 0.979375 0.034783 0.017500
5 0.127391 0.953438 0.065217 0.051875
5 0.129565 0.619687 0.066087 0.050625
13 0.128261 0.440625 0.080870 0.021250
5 0.125652 0.399687 0.063478 0.049375
5 0.123043 0.350625 0.061739 0.042500
5 0.122609 0.101562 0.069565 0.053125
11 0.236087 0.100937 0.021739 0.044375
17 0.208696 0.133750 0.045217 0.018750
17 0.209130 0.259688 0.040870 0.018125
17 0.211304 0.312812 0.041739 0.016875
9 0.213913 0.606875 0.073043 0.020000
9 0.215217 0.929375 0.072174 0.018750
12 0.292174 0.870313 0.060870 0.051875
9 0.299130 0.721562 0.071304 0.024375
17 0.301739 0.703125 0.040000 0.013750
12 0.296522 0.662813 0.066087 0.043125
12 0.293478 0.422187 0.066957 0.049375
18 0.293478 0.313750 0.054783 0.053750
17 0.289130 0.204375 0.039130 0.016250
9 0.291739 0.136250 0.075652 0.020000
5 0.290870 0.101250 0.066957 0.055000
15 0.293478 0.057500 0.028696 0.027500
11 0.377826 0.133437 0.023478 0.044375
17 0.372174 0.190938 0.040000 0.014375
6 0.357826 0.280313 0.037391 0.043125
6 0.393478 0.280000 0.037391 0.041250
14 0.380435 0.470313 0.049565 0.041875
17 0.380870 0.497812 0.034783 0.015625
17 0.379565 0.543438 0.040870 0.015625
6 0.363478 0.636250 0.040000 0.045000
6 0.396957 0.633437 0.042609 0.050625
17 0.378696 0.697812 0.037391 0.015625
15 0.384348 0.812500 0.027826 0.027500
18 0.381739 0.854062 0.052174 0.053125
17 0.469565 0.983437 0.033043 0.018125
19 0.464348 0.790625 0.066087 0.017500
17 0.463043 0.619062 0.030435 0.016875
18 0.460870 0.406562 0.050435 0.053125
9 0.458261 0.253750 0.067826 0.018750
5 0.456087 0.197500 0.070435 0.050000
18 0.531739 0.227813 0.046087 0.044375
18 0.541739 0.374688 0.055652 0.054375
18 0.543478 0.450625 0.052174 0.053750
18 0.531304 0.553750 0.046957 0.050000
9 0.551304 0.853750 0.069565 0.020000
17 0.551304 0.897188 0.031304 0.013125
18 0.630000 0.975313 0.053043 0.049375
7 0.632174 0.944063 0.059130 0.014375
2 0.622609 0.905312 0.017391 0.028125
5 0.625652 0.825313 0.056522 0.059375
17 0.613913 0.739375 0.034783 0.013750
17 0.654783 0.737812 0.033043 0.013125
7 0.630870 0.718437 0.070435 0.019375
2 0.663043 0.677813 0.020000 0.051875
7 0.629565 0.584063 0.074783 0.019375
5 0.628261 0.549375 0.065217 0.047500
9 0.628696 0.487812 0.074783 0.020625
7 0.629565 0.419063 0.076522 0.019375
18 0.626522 0.384375 0.053043 0.048750
7 0.620435 0.278750 0.068696 0.018750
19 0.622174 0.262188 0.079130 0.013125
5 0.619130 0.163750 0.073043 0.051250
17 0.602609 0.114687 0.034783 0.018125
18 0.701739 0.161250 0.050435 0.051250
5 0.711304 0.235313 0.053913 0.053125
18 0.710870 0.337813 0.051304 0.051875
17 0.714348 0.370625 0.039130 0.016250
18 0.716522 0.405000 0.052174 0.053750
11 0.743043 0.540312 0.023478 0.044375
16 0.719130 0.573438 0.029565 0.026875
18 0.812174 0.950313 0.060870 0.053125
5 0.890000 0.947500 0.058261 0.046250
7 0.810435 0.914687 0.066087 0.018125
7 0.902174 0.912500 0.072174 0.018750
7 0.812174 0.894375 0.066087 0.017500
9 0.898261 0.884687 0.067826 0.018125
18 0.803478 0.805937 0.050435 0.046875
7 0.810000 0.770000 0.065217 0.017500
7 0.897826 0.691875 0.066957 0.017500
15 0.808696 0.603750 0.036522 0.027500
17 0.878261 0.592187 0.041739 0.014375
20 0.806957 0.577812 0.066087 0.015625
20 0.899565 0.563438 0.073913 0.015625
7 0.893478 0.540937 0.080870 0.019375
17 0.806522 0.536563 0.037391 0.015625
12 0.896087 0.494688 0.075652 0.040625
15 0.879130 0.375625 0.026087 0.027500
10 0.876087 0.350938 0.028696 0.021875
7 0.891304 0.330625 0.071304 0.020000
10 0.819130 0.274062 0.041739 0.025625
5 0.800435 0.232813 0.061739 0.048125
15 0.826522 0.172500 0.028696 0.026250
18 0.794783 0.171250 0.052174 0.053750
17 0.869565 0.153750 0.041739 0.015000
15 0.910000 0.149688 0.032174 0.025625
7 0.797826 0.134375 0.072174 0.020000
5 0.886522 0.115000 0.056522 0.043750
20 0.891739 0.084375 0.063478 0.012500
7 0.886087 0.068750 0.074783 0.017500
0 0.803043 0.116250 0.077391 0.012500
7 0.798696 0.081250 0.072174 0.018750
9 0.888261 0.022187 0.073913 0.019375
12 0.797826 0.030625 0.063478 0.050000
