0 0.040435 0.035829 0.072174 0.015355
0 0.042174 0.047985 0.072174 0.016635
0 0.046957 0.788548 0.069565 0.013436
0 0.126522 0.401152 0.077391 0.011516
0 0.126087 0.413948 0.080000 0.015355
0 0.126522 0.460333 0.054783 0.009597
0 0.124783 0.566859 0.077391 0.015355
0 0.124783 0.729367 0.047826 0.006398
0 0.126522 0.832694 0.068696 0.013436
0 0.204783 0.235445 0.070435 0.014075
0 0.282174 0.054063 0.072174 0.012156
0 0.284348 0.097889 0.050435 0.008957
0 0.284348 0.182342 0.071304 0.014075
0 0.286522 0.416827 0.070435 0.015995
0 0.290435 0.582534 0.071304 0.014715
0 0.290870 0.788548 0.075652 0.014715
0 0.290435 0.907230 0.066087 0.012796
0 0.366522 0.497121 0.072174 0.015355
0 0.370435 0.535509 0.050435 0.008957
0 0.376957 0.891875 0.068696 0.012796
0 0.450435 0.013436 0.057391 0.010237
0 0.450870 0.204415 0.075652 0.015995
0 0.452609 0.469610 0.068696 0.011516
0 0.454783 0.515035 0.055652 0.014075
0 0.454348 0.682022 0.075652 0.012796
0 0.456087 0.720090 0.073913 0.010877
0 0.538261 0.576136 0.055652 0.012156
0 0.542609 0.889635 0.071304 0.013436
0 0.544783 0.988484 0.079130 0.016635
0 0.620870 0.658669 0.055652 0.010877
0 0.706522 0.827575 0.051304 0.010877
0 0.780870 0.035509 0.053913 0.009597
0 0.870435 0.288868 0.059130 0.010877
0 0.950435 0.114203 0.078261 0.017274
0 0.954783 0.286628 0.052174 0.011516
0 0.956957 0.563660 0.072174 0.011516
0 0.957391 0.595010 0.074783 0.012796
0 0.962609 0.863724 0.052174 0.011516
1 0.118261 0.038708 0.067826 0.017274
1 0.122609 0.273193 0.067826 0.019194
1 0.126522 0.388356 0.065217 0.016635
1 0.210870 0.766155 0.060000 0.015995
1 0.288261 0.367242 0.056522 0.019194
1 0.368696 0.387076 0.064348 0.014075
1 0.452174 0.365323 0.067826 0.014075
1 0.534783 0.277991 0.064348 0.017274
1 0.540435 0.853807 0.065217 0.015995
1 0.614348 0.022073 0.070435 0.015995
1 0.619130 0.348369 0.067826 0.017274
1 0.628696 0.971209 0.066087 0.014075
1 0.698261 0.184901 0.067826 0.016635
1 0.700435 0.531990 0.063478 0.018554
1 0.770870 0.338772 0.058261 0.019834
1 0.790870 0.760397 0.073913 0.018554
1 0.954348 0.188740 0.070435 0.019194
2 0.046957 0.426104 0.026087 0.056302
2 0.113913 0.484645 0.015652 0.040307
2 0.115217 0.753999 0.021739 0.036468
2 0.276522 0.121561 0.020870 0.039667
2 0.286957 0.275432 0.026087 0.050544
2 0.385652 0.186180 0.025217 0.055022
2 0.359565 0.562060 0.021739 0.036468
2 0.436957 0.034549 0.016522 0.035829
2 0.454783 0.104926 0.026087 0.049904
2 0.480435 0.416187 0.018261 0.047985
2 0.445652 0.540307 0.023478 0.039028
2 0.533043 0.122521 0.026087 0.046705
2 0.530435 0.599488 0.022609 0.039667
2 0.620870 0.198337 0.026087 0.049904
2 0.613478 0.682981 0.021739 0.042866
2 0.704348 0.366603 0.026087 0.051184
2 0.698696 0.854127 0.018261 0.040947
2 0.738696 0.957774 0.023478 0.056302
2 0.768261 0.063340 0.016522 0.040947
2 0.780870 0.198017 0.029565 0.050544
2 0.789565 0.547025 0.024348 0.049904
2 0.856522 0.313500 0.022609 0.044786
2 0.872174 0.399552 0.026087 0.054383
2 0.873913 0.716251 0.024348 0.046705
2 0.943478 0.311260 0.022609 0.044146
2 0.956957 0.891875 0.023478 0.044786
3 0.066522 0.162828 0.018261 0.051823
3 0.110435 0.215931 0.022609 0.050544
3 0.139565 0.482086 0.016522 0.040307
3 0.139565 0.750160 0.016522 0.036468
3 0.194348 0.660909 0.025217 0.052463
3 0.239130 0.707294 0.020870 0.049264
3 0.304783 0.023672 0.021739 0.046065
3 0.300870 0.119962 0.019130 0.037748
3 0.272609 0.937300 0.023478 0.051184
3 0.370000 0.355086 0.025217 0.049904
3 0.381304 0.561100 0.016522 0.039667
3 0.466957 0.035509 0.019130 0.037748
3 0.472609 0.171785 0.025217 0.050544
3 0.470870 0.539347 0.021739 0.042226
3 0.552609 0.599808 0.016522 0.042866
3 0.543478 0.820537 0.024348 0.050544
3 0.638696 0.683941 0.020000 0.040947
3 0.628696 0.936020 0.026087 0.052463
3 0.701739 0.153871 0.024348 0.049264
3 0.721304 0.853807 0.016522 0.039028
3 0.796087 0.062060 0.013043 0.037108
3 0.810435 0.357326 0.024348 0.065899
3 0.884783 0.314459 0.014783 0.042866
3 0.947826 0.023672 0.026087 0.046065
3 0.972609 0.311260 0.018261 0.042866
3 0.938696 0.371401 0.023478 0.054383
3 0.978261 0.892514 0.017391 0.042226
4 0.050435 0.220090 0.060870 0.057582
4 0.048696 0.484005 0.060870 0.058221
4 0.289130 0.318938 0.063478 0.046705
4 0.285217 0.660269 0.060870 0.046065
4 0.367391 0.285669 0.070435 0.053103
4 0.534348 0.407230 0.063478 0.047985
4 0.538696 0.514395 0.061739 0.049904
4 0.620435 0.486884 0.066957 0.052463
4 0.622609 0.596609 0.066087 0.049264
4 0.704783 0.668906 0.075652 0.051823
4 0.706087 0.772233 0.064348 0.047345
4 0.796957 0.890595 0.065217 0.046065
4 0.866087 0.104607 0.073043 0.051823
4 0.866957 0.223289 0.078261 0.053743
4 0.956522 0.699936 0.067826 0.048624
4 0.960000 0.801344 0.066087 0.049264
