4 0.117051 0.379481 0.068203 0.049444
4 0.187558 0.038628 0.063594 0.040173
4 0.193088 0.349506 0.069124 0.050062
4 0.273733 0.170890 0.070046 0.052534
4 0.371429 0.920581 0.070046 0.052534
4 0.457604 0.933869 0.072811 0.053152
4 0.522581 0.208900 0.066359 0.049444
4 0.535945 0.717244 0.059908 0.046354
4 0.539171 0.919963 0.071889 0.051298
4 0.619355 0.811496 0.068203 0.049444
4 0.687097 0.079728 0.067281 0.051916
4 0.698157 0.955192 0.056221 0.041409
4 0.776498 0.152040 0.070968 0.044499
4 0.776037 0.274413 0.064516 0.049444
4 0.768203 0.520705 0.050691 0.041409
4 0.865438 0.338072 0.079263 0.050680
4 0.870968 0.576020 0.071889 0.049444
4 0.874194 0.683869 0.067281 0.038937
4 0.874194 0.801607 0.067281 0.050680
4 0.938710 0.026267 0.065438 0.040173
4 0.939171 0.327874 0.058986 0.051298
4 0.938710 0.414710 0.059908 0.046972
4 0.954839 0.576947 0.068203 0.042645
4 0.946544 0.697775 0.058986 0.040791
4 0.946544 0.867429 0.053456 0.037701
4 0.949770 0.946230 0.056221 0.040791
2 0.030876 0.447466 0.019355 0.040791
2 0.047005 0.633189 0.029493 0.053770
2 0.274194 0.223733 0.039631 0.051916
2 0.276959 0.866502 0.024885 0.043263
2 0.357143 0.697157 0.019355 0.039555
2 0.365438 0.415946 0.030415 0.059333
2 0.347005 0.482695 0.026728 0.054388
2 0.376498 0.973115 0.024885 0.052534
2 0.433180 0.323548 0.022120 0.043881
2 0.449309 0.499382 0.032258 0.064277
2 0.528111 0.420581 0.027650 0.052534
2 0.533180 0.654203 0.032258 0.055006
2 0.625346 0.026885 0.026728 0.051298
2 0.594931 0.223115 0.021198 0.039555
2 0.695392 0.131335 0.024885 0.052534
2 0.695392 0.220334 0.024885 0.047590
2 0.692627 0.316131 0.026728 0.051298
2 0.779263 0.317058 0.021198 0.042027
2 0.811982 0.560878 0.018433 0.041409
2 0.871429 0.619592 0.023041 0.050062
2 0.970968 0.275958 0.023041 0.052534
2 0.971429 0.508035 0.027650 0.055624
2 0.976959 0.823239 0.022120 0.045735
1 0.122581 0.563968 0.066359 0.022868
1 0.276498 0.328492 0.068203 0.014215
1 0.365899 0.601669 0.077419 0.019159
1 0.449309 0.681397 0.074654 0.021632
1 0.706452 0.733622 0.069124 0.018541
0 0.038710 0.199938 0.071889 0.014215
0 0.039171 0.354141 0.072811 0.014833
0 0.117051 0.468480 0.068203 0.016069
0 0.119816 0.481459 0.066359 0.011125
0 0.119355 0.488875 0.070968 0.009889
0 0.041475 0.527812 0.068203 0.016069
0 0.049309 0.723424 0.076498 0.012979
0 0.193088 0.236403 0.070968 0.012979
0 0.195853 0.264215 0.069124 0.011743
0 0.279263 0.612176 0.073733 0.014215
0 0.203687 0.770087 0.068203 0.008653
0 0.287097 0.774413 0.078341 0.016069
0 0.289401 0.839617 0.051613 0.012979
0 0.293088 0.934178 0.071889 0.014215
0 0.439171 0.078183 0.072811 0.014215
0 0.355300 0.134425 0.076498 0.015451
0 0.441014 0.231150 0.070968 0.016069
0 0.443779 0.298208 0.054378 0.009271
0 0.446544 0.395550 0.072811 0.014833
0 0.359908 0.447157 0.070968 0.012979
0 0.447005 0.604759 0.073733 0.012979
0 0.373733 0.762670 0.078341 0.012361
0 0.455300 0.907293 0.077419 0.013597
0 0.603226 0.103832 0.074654 0.014833
0 0.603687 0.196848 0.055300 0.012979
0 0.611982 0.297590 0.081106 0.014215
0 0.522581 0.357849 0.068203 0.013597
0 0.608756 0.355686 0.078341 0.025340
0 0.527650 0.391842 0.078341 0.016069
0 0.527650 0.456119 0.074654 0.017305
0 0.611982 0.522559 0.071889 0.017923
0 0.529954 0.587763 0.075576 0.011125
0 0.530876 0.618047 0.079263 0.013597
0 0.535945 0.686341 0.076498 0.017923
0 0.625346 0.960136 0.078341 0.012979
0 0.768203 0.025958 0.072811 0.013597
0 0.700922 0.697157 0.070968 0.012361
0 0.703687 0.880408 0.076498 0.015451
0 0.947005 0.357849 0.074654 0.012361
0 0.949770 0.604759 0.069124 0.012979
0 0.957604 0.895859 0.066359 0.011743
3 0.119355 0.329728 0.035945 0.053770
3 0.051613 0.853832 0.040553 0.055006
3 0.274194 0.099815 0.035945 0.055006
3 0.198618 0.299753 0.024885 0.056860
3 0.200461 0.533375 0.024885 0.061805
3 0.187097 0.628863 0.025806 0.061187
3 0.217512 0.626700 0.023963 0.051916
3 0.384332 0.482695 0.027650 0.058096
3 0.452535 0.736094 0.025806 0.053152
3 0.370968 0.842707 0.030415 0.055006
3 0.632719 0.485785 0.024885 0.051916
3 0.705991 0.035229 0.023963 0.051916
3 0.798618 0.233622 0.021198 0.043263
3 0.806452 0.502472 0.022120 0.056860
3 0.727650 0.639679 0.021198 0.051916
3 0.733641 0.825711 0.020276 0.048208
2 0.469585 0.620828 0.015668 0.036465
3 0.976498 0.408220 0.023041 0.051298
3 0.981567 0.696230 0.018433 0.041409
3 0.989401 0.945303 0.021198 0.048826
3 0.898157 0.973115 0.024885 0.053770
3 0.889862 0.526267 0.024885 0.052534
3 0.860369 0.144932 0.024885 0.051298
1 0.055300 0.800989 0.064516 0.023486
1 0.785714 0.867429 0.070968 0.014215
7 0.124885 0.656984 0.067281 0.021014
7 0.127650 0.723733 0.061751 0.022250
1 0.130876 0.967244 0.060829 0.017305
7 0.132719 0.907293 0.058986 0.017305
7 0.366820 0.621446 0.071889 0.020396
0 0.368203 0.672126 0.050691 0.009271
3 0.380645 0.695303 0.020276 0.039555
3 0.618894 0.224042 0.019355 0.041409
3 0.554839 0.850742 0.027650 0.052534
7 0.538710 0.885970 0.070968 0.014215
1 0.707834 0.909456 0.055300 0.016687
7 0.952074 0.449011 0.070046 0.022868
12 0.696313 0.565513 0.076498 0.060569
7 0.958525 0.730222 0.079263 0.024104
7 0.962673 0.979295 0.070968 0.021632
